Honda,Accord
Honda,AccordCrosstour
Honda,Civic
Honda,CivicGX
Honda,CivicSi,Countach
Honda,Crosstour
Honda,CR-V
Honda,CR-X
Honda,CR-Z
Honda,delSol
Honda,Element
Honda,FCXClarity
Honda,Fit
Honda,Insight
Honda,Odyssey
Honda,Passport
Honda,Pilot
Honda,Prelude
Honda,Ridgeline
Honda,S2000
Infiniti,FX
Infiniti,G
Infiniti,G25
Infiniti,G35
Infiniti,G37
Infiniti,I
Infiniti,IPLG
Infiniti,J
Infiniti,JX
Infiniti,M
Infiniti,Q
Infiniti,QX
Infiniti,QX56
Isuzu,Amigo
Isuzu,Ascender
Isuzu,Axiom
Isuzu,Hombre
Isuzu,HombreSpace
Isuzu,i-280
Isuzu,i-290
Isuzu,i-350
Isuzu,i-370
Isuzu,Impulse
Isuzu,i-Series
Isuzu,Oasis
Isuzu,Rodeo
Isuzu,RodeoSport
Isuzu,Space
Isuzu,Stylus
Isuzu,Trooper
Isuzu,VehiCROSS
Jaguar,S-Type
Jaguar,XF
Jaguar,XJ
Jaguar,XJSeries
Jaguar,XK
Jaguar,XKSeries
Jaguar,X-Type
Jeep,Cherokee
Jeep,Comanche
Jeep,Commander
Jeep,Compass
Jeep,GrandCherokee
Jeep,Liberty
Jeep,Patriot
Jeep,Wrangler
Jensen,Interceptor
Kia,Amanti
Kia,Borrego
Kia,Carens
Kia,Forte
Kia,Mentor
Kia,Mohave/Borrego
Kia,Optima
Kia,Rio
Kia,Rio5
Kia,Rondo
Kia,Sedona
Kia,Sephia
Kia,Sorento
Kia,Soul
Kia,Spectra
Kia,Spectra5
Kia,Sportage
LandRover,Defender
LandRover,Defender110
LandRover,Defender90
LandRover,Discovery
LandRover,DiscoverySeriesII
LandRover,Freelander
LandRover,LR2
LandRover,LR3
LandRover,LR4
LandRover,RangeRover
LandRover,RangeRoverClassic
LandRover,RangeRoverEvoque
LandRover,RangeRoverSport
LandRover,Sterling
Lexus,CT
Lexus,ES
Lexus,GS
Lexus,GX
Lexus,HS
Lexus,IS
Lexus,ISF
Lexus,IS-F
Lexus,LFA
Lexus,LS
Lexus,LSHybrid
Lexus,LX
Lexus,RX
Lexus,RXHybrid
Lexus,SC
Lincoln,Aviator
Lincoln,Blackwood
Lincoln,Continental
Lincoln,ContinentalMarkVII
Lincoln,LS
Lincoln,MarkLT
Lincoln,MarkVII
Lincoln,MarkVIII
Lincoln,MKS
Lincoln,MKT
Lincoln,MKX
Lincoln,MKZ
Lincoln,Navigator
Lincoln,NavigatorL
Lincoln,TownCar
Lincoln,Zephyr
Lotus,Elise
Lotus,EspritTurbo
Lotus,Evora
Lotus,Exige
Lotus,ExigeS
LotusCars,Elan
LotusCars,Elise
LotusCars,Esprit
LotusCars,Exige
Maserati,228
Maserati,430
Maserati,Biturbo
Maserati,Coupe
Maserati,GranSport
Maserati,GranTurismo
Maserati,Karif
Maserati,Quattroporte
Maserati,Spyder
Maybach,57
Maybach,62
Maybach,57S
Maybach,Landaulet
Mazda,323
Mazda,626
Mazda,929
Mazda,B2000
Mazda,B2500
Mazda,B2600
Mazda,B-Series
Mazda,B-SeriesPlus
Mazda,CX-5
Mazda,CX-7
Mazda,CX-9
Mazda,Familia
Mazda,GLC
Mazda,Mazda2
Mazda,Mazda3
Mazda,Mazda5
Mazda,Mazda6
Mazda,Mazda65-Door
Mazda,Mazda6Sport
Mazda,MazdaMX-6
Mazda,Mazdaspeed3
Mazda,Mazdaspeed6
Mazda,MiataMX-5
Mazda,Millenia
Mazda,MPV
Mazda,MX-3
Mazda,MX-5
Mazda,MX-6
Mazda,Navajo
Mazda,Protege
Mazda,Protege5
Mazda,RX-7
Mazda,RX-8
Mazda,Tribute
McLaren,MP4-12C
Mercedes-Benz,190E
Mercedes-Benz,300CE
Mercedes-Benz,300D
Mercedes-Benz,300E
Mercedes-Benz,300SD
Mercedes-Benz,300SE
Mercedes-Benz,300SL
Mercedes-Benz,300TE
Mercedes-Benz,400E
Mercedes-Benz,400SE
Mercedes-Benz,400SEL
Mercedes-Benz,500E
Mercedes-Benz,500SEC
Mercedes-Benz,500SEL
Mercedes-Benz,500SL
Mercedes-Benz,600SEC
Mercedes-Benz,600SEL
Mercedes-Benz,600SL
Mercedes-Benz,C-Class
Mercedes-Benz,CL65AMG
Mercedes-Benz,CL-Class
Mercedes-Benz,CLK-Class
Mercedes-Benz,CLS-Class
Mercedes-Benz,E-Class
Mercedes-Benz,G55AMG
Mercedes-Benz,G-Class
Mercedes-Benz,GL-Class
Mercedes-Benz,GLK-Class
Mercedes-Benz,M-Class
Mercedes-Benz,R-Class
Mercedes-Benz,S-Class
Mercedes-Benz,SL65AMG
Mercedes-Benz,SL-Class
Mercedes-Benz,SLK55AMG
Mercedes-Benz,SLK-Class
Mercedes-Benz,SLRMcLaren
Mercedes-Benz,SLSAMG
Mercedes-Benz,SLS-Class
Mercedes-Benz,Sprinter
Mercedes-Benz,Sprinter2500
Mercedes-Benz,Sprinter3500
Mercedes-Benz,W123
Mercedes-Benz,W126
Mercedes-Benz,W201
Mercury,Capri
Mercury,Cougar
Mercury,GrandMarquis
Mercury,Lynx
Mercury,Marauder
Mercury,Mariner
Mercury,Marquis
Mercury,Milan
Mercury,Montego
Mercury,Monterey
Mercury,Mountaineer
Mercury,Mystique
Mercury,Sable
Mercury,Topaz
Mercury,Tracer
Mercury,Villager
Merkur,XR4Ti
MG,MGB
MINI,Clubman
MINI,Cooper
MINI,CooperClubman
MINI,CooperCountryman
MINI,Countryman
MINI,MINI
Mitsubishi,3000GT
Mitsubishi,Challenger
Mitsubishi,Chariot
Mitsubishi,Cordia
Mitsubishi,Diamante
Mitsubishi,Eclipse
Mitsubishi,Endeavor
Mitsubishi,Excel
Mitsubishi,Expo
Mitsubishi,ExpoLRV
Mitsubishi,Galant
Mitsubishi,GTO
Mitsubishi,i-MiEV
Mitsubishi,L300
Mitsubishi,Lancer
Mitsubishi,LancerEvolution
Mitsubishi,MightyMax
Mitsubishi,MightyMaxMacro
Mitsubishi,Mirage
Mitsubishi,Mitsubishi
Mitsubishi,Montero
Mitsubishi,MonteroSport
Mitsubishi,Outlander
Mitsubishi,OutlanderSport
Mitsubishi,Pajero
Mitsubishi,Precis
Mitsubishi,Raider
Mitsubishi,RVR
Mitsubishi,Sigma
Mitsubishi,Space
Mitsubishi,Starion
Mitsubishi,Tredia
Mitsubishi,Truck
Mitsubishi,Tundra
MitsubishiMotors,Outlander
Morgan,Aero8
Nissan,200SX
Nissan,240SX
Nissan,280ZX
Nissan,300ZX
Nissan,350Z
Nissan,350ZRoadster
Nissan,370Z
Nissan,Altima
Nissan,Armada
Nissan,Cube
Nissan,Datsun/NissanZ-car
Nissan,Frontier
Nissan,GT-R
Nissan,JUKE
Nissan,Leaf
Nissan,Maxima
Nissan,Murano
Nissan,NV1500
Nissan,NV2500
Nissan,NV3500
Nissan,NX
Nissan,Pathfinder
Nissan,PathfinderArmada
Nissan,Quest
Nissan,Rogue
Nissan,Sentra
Nissan,Stanza
Nissan,Titan
Nissan,Versa
Nissan,Xterra
Oldsmobile,88
Oldsmobile,98
Oldsmobile,Achieva
Oldsmobile,Alero
Oldsmobile,Aurora
Oldsmobile,Bravada
Oldsmobile,Ciera
Oldsmobile,CustomCruiser
Oldsmobile,Cutlass
Oldsmobile,CutlassCruiser
Oldsmobile,CutlassSupreme
Oldsmobile,Intrigue
Oldsmobile,LSS
Oldsmobile,Regency
Oldsmobile,Silhouette
Oldsmobile,Toronado
Panoz,Esperante
Peugeot,207
Plymouth,Acclaim
Plymouth,Breeze
Plymouth,Colt
Plymouth,ColtVista
Plymouth,Fury
Plymouth,GrandVoyager
Plymouth,Horizon
Plymouth,Laser
Plymouth,Neon
Plymouth,Prowler
Plymouth,Reliant
Plymouth,Roadrunner
Plymouth,Sundance
Plymouth,Volare
Plymouth,Voyager
Pontiac,1000
Pontiac,6000
Pontiac,Aztek
Pontiac,Bonneville
Pontiac,Chevette
Pontiac,DaewooKalos
Pontiac,Fiero
Pontiac,Firebird
Pontiac,FirebirdFormula
Pontiac,FirebirdTransAm
Pontiac,Firefly
Pontiac,G3
Pontiac,G5
Pontiac,G6
Pontiac,G8
Pontiac,Gemini
Pontiac,GrandAm
Pontiac,GrandPrix
Pontiac,GrandPrixTurbo
Pontiac,GTO
Pontiac,LeMans
Pontiac,Montana
Pontiac,MontanaSV6
Pontiac,Monterey
Pontiac,Parisienne
Pontiac,Safari
Pontiac,Solstice
Pontiac,Sunbird
Pontiac,Sunfire
Pontiac,Tempest
Pontiac,Torrent
Pontiac,TransSport
Pontiac,TurboFirefly
Pontiac,Vibe
Porsche,911
Porsche,914
Porsche,924
Porsche,928
Porsche,944
Porsche,968
Porsche,924S
Porsche,Boxster
Porsche,CarreraGT
Porsche,Cayenne
Porsche,Cayman
Porsche,Mitsubishi
Porsche,Panamera
Ram,1500
Ram,2500
Ram,3500
Ram,C/V
Ram,Dakota
Rambler,Classic
Renault,Alliance
Rolls-Royce,Ghost
Rolls-Royce,Phantom
Saturn,Astra
Saturn,Aura
Saturn,Ion
Saturn,L-Series
Saturn,Outlook
Saturn,Relay
Saturn,Sky
Saturn,S-Series
Saturn,VUE
Scion,FR-S
Scion,iQ
Scion,tC
Scion,xA
Scion,xB
Scion,xD
Shelby,GT350
Shelby,GT500
Smart,Fortwo
Spyker,C8Double12S
Spyker,C8Laviolette
Spyker,C8Spyder
Spyker,C8SpyderWideBody
SpykerCars,C8
Studebaker,Avanti
Subaru,AlcyoneSVX
Subaru,B9Tribeca,MX-6
Subaru,Baja
Subaru,Brat
Subaru,BRZ
Subaru,Forester
Subaru,Impreza
Subaru,ImprezaWRX
Subaru,Justy
Subaru,Legacy
Subaru,Leone
Subaru,Loyale
Subaru,Outback
Subaru,OutbackSport
Subaru,SVX
Subaru,Tribeca
Subaru,XT
Suzuki,Aerio
Suzuki,Cultus
Suzuki,DaewooLacetti
Suzuki,DaewooMagnus
Suzuki,Equator
Suzuki,Esteem
Suzuki,Forenza
Suzuki,GrandVitara
Suzuki,Kizashi
Suzuki,Reno
Suzuki,Samurai
Suzuki,Sidekick
Suzuki,SJ
Suzuki,SJ410
Suzuki,Swift
Suzuki,SX4
Suzuki,Verona
Suzuki,Vitara
Suzuki,X-90
Suzuki,XL7
Suzuki,XL-7
SuzukiMotorCorporation,GrandVitara
Tesla,ModelS
Tesla,Roadster
Toyota,4Runner
Toyota,Avalon
Toyota,Camry
Toyota,CamryHybrid
Toyota,CamrySolara
Toyota,Celica
Toyota,Corolla
Toyota,Cressida
Toyota,Echo
Toyota,FJCruiser
Toyota,Highlander
Toyota,HighlanderHybrid
Toyota,Ipsum
Toyota,LandCruiser
Toyota,Matrix
Toyota,MR2
Toyota,Paseo
Toyota,Previa
Toyota,Prius
Toyota,Priusc
Toyota,PriusPlug-in
Toyota,PriusPlug-inHybrid
Toyota,Priusv
Toyota,RAV4
Toyota,Sequoia
Toyota,Sienna
Toyota,Solara
Toyota,Supra
Toyota,T100
Toyota,T100Xtra
Toyota,Tacoma
Toyota,TacomaXtra
Toyota,Tercel
Toyota,TruckXtracabSR5
Toyota,Tundra
Toyota,TundraMax
Toyota,Venza
Toyota,Xtra
Toyota,Yaris
Volkswagen,Beetle
Volkswagen,Cabriolet
Volkswagen,CC
Volkswagen,Corrado
Volkswagen,Eos
Volkswagen,Eurovan
Volkswagen,Fox
Volkswagen,GLI
Volkswagen,Golf
Volkswagen,GolfIII
Volkswagen,GTI
Volkswagen,Jetta
Volkswagen,JettaIII
Volkswagen,NewBeetle
Volkswagen,Passat
Volkswagen,Phaeton
Volkswagen,Quantum
Volkswagen,R32
Volkswagen,Rabbit
Volkswagen,rio
Volkswagen,riolet
Volkswagen,Routan
Volkswagen,Scirocco
Volkswagen,Tiguan
Volkswagen,Touareg
Volkswagen,Touareg2
Volkswagen,Type2
Volkswagen,Vanagon
Volvo,240
Volvo,740
Volvo,850
Volvo,940
Volvo,960
Volvo,C30
Volvo,C70
Volvo,S40
Volvo,S60
Volvo,S70
Volvo,S80
Volvo,S90
Volvo,V40
Volvo,V50
Volvo,V70
Volvo,V90
Volvo,XC60
Volvo,XC70
Volvo,XC90
